##FastQC	0.11.2
>>Basic Statistics	pass
#Measure	Value
Filename	SRR955633.fastq.gz.fasta.fastq
File type	Conventional base calls
Encoding	Sanger / Illumina 1.9
Total Sequences	18771501
Sequences flagged as poor quality	0
Sequence length	50
%GC	49
>>END_MODULE
>>Per base sequence quality	pass
#Base	Mean	Median	Lower Quartile	Upper Quartile	10th Percentile	90th Percentile
1	37.36311965670788	39.0	37.0	39.0	35.0	39.0
2	37.17482064920271	38.0	37.0	39.0	34.0	39.0
3	37.02627808005308	38.0	37.0	39.0	34.0	39.0
4	37.085102783993385	38.0	37.0	39.0	34.0	39.0
5	36.89032288851369	38.0	37.0	39.0	33.0	39.0
6	37.020160827897726	38.0	37.0	39.0	33.0	39.0
7	36.988564579326415	38.0	37.0	39.0	33.0	39.0
8	36.8540178541826	38.0	36.0	39.0	33.0	39.0
9	36.784967755468216	38.0	36.0	39.0	33.0	39.0
10	36.95403212523067	38.0	36.0	39.0	33.0	39.0
11	36.84806286951933	38.0	36.0	39.0	33.0	39.0
12	36.63466725390771	38.0	36.0	39.0	33.0	39.0
13	36.76096067051521	38.0	36.0	39.0	33.0	39.0
14	36.67280560070274	38.0	36.0	39.0	33.0	39.0
15	36.529653648215266	38.0	36.0	39.0	32.0	39.0
16	36.45882431019711	38.0	36.0	39.0	32.0	39.0
17	36.35702696290516	38.0	36.0	39.0	31.0	39.0
18	36.25136247817761	38.0	36.0	39.0	31.0	39.0
19	36.21017967666125	38.0	36.0	39.0	31.0	39.0
20	36.01547904929944	38.0	35.0	39.0	31.0	39.0
21	35.82358693585569	38.0	35.0	39.0	30.0	39.0
22	35.834869891259785	38.0	35.0	39.0	30.0	39.0
23	35.87601476388949	38.0	35.0	39.0	30.0	39.0
24	35.58825855145863	37.0	35.0	39.0	30.0	39.0
25	35.62309620412026	37.0	35.0	39.0	30.0	39.0
26	35.59815877262857	37.0	35.0	39.0	30.0	39.0
27	35.53253162813521	37.0	35.0	39.0	30.0	39.0
28	35.32277242993132	37.0	35.0	39.0	29.0	39.0
29	35.26467611800848	37.0	35.0	39.0	29.0	39.0
30	35.63154811177556	37.0	35.0	39.0	30.0	39.0
31	35.548676315672935	38.0	35.0	39.0	30.0	39.0
32	35.39100304219592	37.0	35.0	39.0	30.0	39.0
33	35.34337701562992	37.0	35.0	39.0	30.0	39.0
34	35.212653425896725	37.0	35.0	39.0	29.0	39.0
35	35.08471208516229	37.0	35.0	39.0	29.0	39.0
36	35.16304263640141	37.0	35.0	39.0	29.0	39.0
37	34.94912420623166	37.0	34.0	39.0	28.0	39.0
38	34.95365415776649	37.0	34.0	39.0	29.0	39.0
39	34.71199506217932	37.0	34.0	39.0	28.0	39.0
40	34.79724471575799	37.0	34.0	39.0	29.0	39.0
41	34.45792235961201	37.0	34.0	39.0	27.0	39.0
42	34.45002858304487	37.0	34.0	39.0	28.0	39.0
43	34.25717203050173	37.0	34.0	39.0	27.0	39.0
44	33.929531422639364	37.0	33.0	39.0	26.0	39.0
45	34.1130748143015	37.0	33.0	39.0	27.0	39.0
46	33.89425778904907	37.0	33.0	39.0	26.0	39.0
47	33.63685818343953	36.0	33.0	39.0	26.0	39.0
48	33.434554168730166	36.0	33.0	39.0	25.0	39.0
49	32.93330011151882	36.0	32.0	38.0	24.0	39.0
50	32.860994173358506	36.0	32.0	38.0	24.0	39.0
>>END_MODULE
>>Per sequence quality scores	pass
#Quality	Count
4	14452.0
5	777.0
6	1393.0
7	1931.0
8	3385.0
9	5957.0
10	5549.0
11	8429.0
12	12267.0
13	14449.0
14	19829.0
15	33431.0
16	33199.0
17	33146.0
18	38057.0
19	43567.0
20	47062.0
21	52101.0
22	60460.0
23	73272.0
24	89840.0
25	115738.0
26	153732.0
27	198120.0
28	252769.0
29	324079.0
30	411188.0
31	519730.0
32	665417.0
33	872307.0
34	1173909.0
35	1607691.0
36	2189946.0
37	3267223.0
38	6402473.0
39	24626.0
>>END_MODULE
>>Per base sequence content	fail
#Base	G	A	T	C
1	29.63515413448456	15.807243899111354	20.536742139287526	34.02085982711656
2	28.214004377720286	15.506747715349913	36.71635167096562	19.562896235964175
3	39.19830794485189	17.19365265143356	26.6612433583431	16.94679604537145
4	30.849540925924572	16.884215588735973	35.2315158305831	17.034727654756356
5	20.9525599471241	47.456306237844274	17.989557681082616	13.601576133949012
6	44.23513069093409	25.9621327031866	16.012193164521047	13.790543441358258
7	43.735879192612245	17.53355791846374	23.741585715494995	14.988977173429019
8	18.43279874102769	24.960651788048278	23.619757418439793	32.98679205248424
9	24.124772973668968	37.49017193670341	22.647688109757446	15.737366979870176
10	27.84866804204949	18.234599353562615	19.809630567102758	34.10710203728514
11	26.86077154938222	15.698888437317827	19.428265219707257	38.012074793592696
12	19.58846551482484	35.900528146364	27.501370295321614	17.009636043489543
13	20.395193756748593	15.990687159220778	47.16117267340529	16.45294641062534
14	18.942464963244017	25.10132247815452	22.406929525774206	33.54928303282726
15	26.28593738987628	44.807178712027344	15.274351262586833	13.632532635509541
16	20.622975221853597	35.53080278449763	21.481377541412378	22.364844452236397
17	24.143444895536057	24.067356148024604	31.039313265359013	20.749885691080326
18	26.19393622278794	36.005149508289186	24.05970625364482	13.741208015278053
19	41.787244397770856	24.22672006889593	21.387506518525075	12.598529014808138
20	20.9843102051349	38.76091208689172	26.201639389412705	14.053138318560674
21	21.268757357229983	34.834630432590345	28.79311569170734	15.103496518472337
22	30.377416275874797	27.194186549067123	13.19000542364726	29.238391751410823
23	42.11755362557315	19.360438997392908	13.311258380456628	25.21074899657731
24	31.214392498500786	28.460457157901224	14.71128494199798	25.613865401600012
25	16.37966152836276	38.16539105374589	24.456560448369093	20.998386969522254
26	15.66686302831859	32.435471544447786	23.91602348370289	27.98164194353074
27	29.116925705621515	28.01893679146915	14.887365693345462	27.97677180956387
28	25.03812162054178	39.613387315877794	14.788253469355139	20.56023759422529
29	29.34019060919862	29.41732350914794	21.866140990247075	19.37634489140637
30	16.157120307001556	21.563294272525145	15.568110403105218	46.71147501736808
31	28.826444343819084	29.931603761020696	23.06120448552327	18.18074740963695
32	36.60267388442006	29.499578403251057	16.470379658686692	17.42736805364219
33	15.26940507815815	24.279136910328543	44.78562731111769	15.665830700395617
34	23.611564887681975	30.65861899504434	29.14448118754653	16.585334929727154
35	23.366239984009788	32.90985411702133	15.531947287705117	28.191958611263768
36	19.340222483623933	50.52471442135341	14.457818360212896	15.677244734809765
37	32.14080634665773	24.00118158128925	27.86946989458196	15.98854217747106
38	20.838217393474658	24.93775936483627	12.615639885085034	41.60838335660404
39	28.050134088894797	37.41748011975962	19.031198078347767	15.501187712997819
40	48.889959456470365	25.474664662433455	10.790532768318	14.84484311277818
41	34.43275747781217	40.23519674816515	10.534336936343646	14.79770883767904
42	21.071228115185903	48.79247031558114	11.717045617752563	18.419255951480395
43	28.228992261086873	40.454712753627184	14.45828060934292	16.85801437594302
44	25.886368916369555	30.939220044257514	26.74072787253401	16.43368316683892
45	45.17037289665861	22.88740255773899	15.056771432396376	16.885453113206026
46	25.689767696254016	24.40863413106922	15.208245733785485	34.693352438891274
47	33.41260776109486	23.870770909582564	15.00336067957485	27.713260649747724
48	47.50355339192108	23.546263029259087	14.545768076830937	14.404415501988893
49	27.807099709288032	35.84734113697141	19.875208700678755	16.470350453061798
50	37.784719506447566	25.33966782943996	20.051918064517057	16.823694599595417
>>END_MODULE
>>Per sequence GC content	fail
#GC Content	Count
0	0.0
1	1.5
2	3.0
3	2.0
4	1.0
5	10.5
6	20.0
7	53.5
8	87.0
9	299.5
10	512.0
11	586.0
12	660.0
13	848.0
14	1036.0
15	1089.5
16	1143.0
17	1225.0
18	1307.0
19	1959.5
20	2612.0
21	5483.5
22	8355.0
23	10907.5
24	13460.0
25	23970.5
26	34481.0
27	39047.0
28	43613.0
29	59049.0
30	74485.0
31	195681.0
32	316877.0
33	584094.5
34	851312.0
35	672563.0
36	493814.0
37	383219.5
38	272625.0
39	284877.5
40	297130.0
41	362832.0
42	428534.0
43	586614.0
44	744694.0
45	939348.5
46	1134003.0
47	1412162.0
48	1690321.0
49	2444768.5
50	3199216.0
51	2720036.5
52	2240857.0
53	3184261.0
54	4127665.0
55	2644728.5
56	1161792.0
57	946695.5
58	731599.0
59	570388.5
60	409178.0
61	310132.0
62	211086.0
63	168579.5
64	126073.0
65	96350.5
66	66628.0
67	52589.0
68	38550.0
69	30648.0
70	22746.0
71	16604.5
72	10463.0
73	7879.0
74	5295.0
75	4542.5
76	3790.0
77	2982.0
78	2174.0
79	1852.0
80	1530.0
81	1259.0
82	988.0
83	770.0
84	552.0
85	353.0
86	154.0
87	97.0
88	40.0
89	29.5
90	19.0
91	17.5
92	16.0
93	10.0
94	4.0
95	2.5
96	1.0
97	0.5
98	0.0
99	0.0
100	0.0
>>END_MODULE
>>Per base N content	pass
#Base	N-Count
1	0.0031324080050924006
2	0.03453639642349325
3	0.010121726547067281
4	0.17475427244736583
5	0.0
6	0.0
7	0.0
8	0.0
9	0.0
10	0.0
11	0.0
12	0.0
13	0.0
14	0.0
15	0.0
16	0.0
17	0.0
18	0.0
19	0.0
20	0.0
21	0.0
22	0.0
23	0.0
24	0.0
25	1.0654448996912927E-5
26	7.990836747684696E-5
27	0.0
28	5.327224498456464E-6
29	2.1308897993825855E-5
30	0.0
31	5.327224498456464E-6
32	4.7945020486108174E-5
33	5.327224498456464E-5
34	1.3850783695986804E-4
35	9.056281647375988E-5
36	2.770156739197361E-4
37	2.4505232692899727E-4
38	0.002152198697376411
39	0.011911673978548653
40	0.0030098818416279018
41	3.622512658950395E-4
42	1.9710730644288915E-4
43	1.0654448996912927E-5
44	0.0
45	0.0
46	0.0
47	0.0
48	0.0
49	0.0
50	0.0
>>END_MODULE
>>Sequence Length Distribution	pass
#Length	Count
50	1.8771501E7
>>END_MODULE
>>Sequence Duplication Levels	pass
#Total Deduplicated Percentage	70.96681602549822
#Duplication Level	Percentage of deduplicated	Percentage of total
1	77.24854682394088	54.82083410691696
2	15.104034036785347	21.437704094628174
3	4.307742865947961	9.171203863586438
4	1.6474369720405933	4.676534260336345
5	0.7017823159953956	2.4901628254596644
6	0.33821121868586906	1.4401064000543768
7	0.19172509554991943	0.9524283708353539
8	0.09719591477257056	0.5518147681676016
9	0.07860037816677574	0.5020216719206545
>10	0.2754369363283931	3.2524487550297074
>50	0.006763795885464911	0.3424985714097294
>100	0.00238994057195378	0.3059050363557074
>500	1.337053289002937E-4	0.05633727529929468
>1k	0.0	0.0
>5k	0.0	0.0
>10k+	0.0	0.0
>>END_MODULE
>>Overrepresented sequences	pass
>>END_MODULE
>>Adapter Content	fail
#Position	Illumina Universal Adapter	Illumina Small RNA Adapter	Nextera Transposase Sequence
1	1.0654448996912927E-5	0.0	0.0
2	1.598167349536939E-5	0.0	0.0
3	1.0654448996912926E-4	0.0	0.0
4	1.4916228595678098E-4	0.0	0.0
5	2.3439787793208438E-4	0.0	0.0
6	2.3972510243054084E-4	0.0	0.0
7	2.503795514274538E-4	0.0	0.0
8	2.610340004243667E-4	0.0	0.0
9	2.8767012291664904E-4	0.0	0.0
10	3.1430624540893133E-4	0.0	0.0
11	3.4626959239967013E-4	0.0	0.0
12	4.2617795987651705E-4	0.0	0.0
13	4.8477742935953814E-4	0.0	0.0
14	5.327224498456463E-4	0.0	0.0
15	9.269370627314246E-4	0.0	0.0
16	0.08423940099409205	0.0	0.0
17	0.791060874673794	0.0	0.0
18	13.907928833181748	0.0	0.0
19	13.920703517529045	0.0	0.0
20	13.922584027777	0.0	2.1308897993825855E-5
21	13.932567246487109	0.0	3.196334699073878E-5
22	13.966922517277654	0.0	3.196334699073878E-5
23	14.00534778758502	0.0	3.196334699073878E-5
24	14.079923603338912	0.0	7.990836747684695E-5
25	14.323958430388705	0.0	1.0654448996912926E-4
26	14.836501353834198	0.0	1.2252616346449866E-4
27	15.569399591433845	0.0	1.2252616346449866E-4
28	16.511487280638878	0.0	1.2785338796295512E-4
29	17.83179192756083	0.0	1.2785338796295512E-4
30	19.598171717861028	0.0	1.3318061246141158E-4
31	22.046393626167667	0.0	1.3318061246141158E-4
32	25.236042658495982	0.0	1.3318061246141158E-4
33	28.68853694757814	0.0	1.3318061246141158E-4
34	38.406715584438345	0.0	1.3318061246141158E-4
35	41.934536827928675	0.0	1.3318061246141158E-4
36	44.567682680250236	0.0	1.3318061246141158E-4
37	47.08294238164545	0.0	1.4383506145832452E-4
38	49.3378766034746	0.0	1.4383506145832452E-4
>>END_MODULE
>>Kmer Content	fail
#Sequence	Count	PValue	Obs/Exp Max	Max Obs/Exp Position
GAATATA	72020	0.0	43.776966	4
TGAATAT	154785	0.0	43.74251	3
GGTGAAT	157235	0.0	43.7245	1
AATATAG	69250	0.0	43.692276	5
GTGAATA	155920	0.0	43.67067	2
ATATAGT	69425	0.0	43.588478	6
TATTGTT	42035	0.0	43.546066	7
GAATATT	45525	0.0	43.283543	4
ATATTGT	42305	0.0	43.262947	6
TATAGTT	70310	0.0	43.06172	7
AATATGG	34410	0.0	43.032017	5
AGTTTAC	70420	0.0	42.97572	10
GAATATG	35675	0.0	42.887943	4
TCCCTGG	33945	0.0	42.827774	1
AATATTG	42880	0.0	42.739235	5
GTTTACA	151465	0.0	42.665	11
CCCACAT	5460	0.0	42.63292	2
ATAGTTT	71370	0.0	42.477634	8
ATTGTTT	43100	0.0	42.470043	8
CCTTATA	3165	0.0	42.392437	17
>>END_MODULE
