##FastQC	0.11.2
>>Basic Statistics	pass
#Measure	Value
Filename	SRR955628.fastq.gz.fasta.fastq
File type	Conventional base calls
Encoding	Sanger / Illumina 1.9
Total Sequences	21354015
Sequences flagged as poor quality	0
Sequence length	50
%GC	49
>>END_MODULE
>>Per base sequence quality	pass
#Base	Mean	Median	Lower Quartile	Upper Quartile	10th Percentile	90th Percentile
1	37.443370158390664	39.0	37.0	39.0	35.0	39.0
2	37.2577730229287	39.0	37.0	39.0	34.0	39.0
3	37.17792415128621	39.0	37.0	39.0	34.0	39.0
4	37.174529379781	39.0	37.0	39.0	34.0	39.0
5	36.99286471465972	38.0	37.0	39.0	33.0	39.0
6	37.110507228072926	39.0	37.0	39.0	34.0	39.0
7	37.078946699841886	38.0	37.0	39.0	34.0	39.0
8	36.959910863907616	38.0	36.0	39.0	33.0	39.0
9	36.886206505326264	38.0	36.0	39.0	33.0	39.0
10	37.00194403630325	38.0	36.0	39.0	33.0	39.0
11	36.88893231649192	38.0	36.0	39.0	33.0	39.0
12	36.74754920694438	38.0	36.0	39.0	33.0	39.0
13	36.821142767844705	38.0	36.0	39.0	33.0	39.0
14	36.70571262500471	38.0	36.0	39.0	33.0	39.0
15	36.63558328463811	38.0	36.0	39.0	33.0	39.0
16	36.50262561904266	38.0	36.0	39.0	32.0	39.0
17	36.41157964840647	38.0	36.0	39.0	32.0	39.0
18	36.30273374773001	38.0	36.0	39.0	31.0	39.0
19	36.25236781044593	38.0	36.0	39.0	31.0	39.0
20	36.04053022354531	38.0	35.0	39.0	31.0	39.0
21	35.87853642473527	38.0	35.0	39.0	31.0	39.0
22	35.87538769681058	38.0	35.0	39.0	30.0	39.0
23	35.8267238272271	38.0	35.0	39.0	30.0	39.0
24	35.629555847671575	37.0	35.0	39.0	30.0	39.0
25	35.725893888790765	37.0	35.0	39.0	30.0	39.0
26	35.74102383070072	38.0	35.0	39.0	30.0	39.0
27	35.61000762563941	37.0	35.0	39.0	30.0	39.0
28	35.48182592227207	37.0	35.0	39.0	30.0	39.0
29	35.37352254451617	37.0	35.0	39.0	29.0	39.0
30	35.64327799848882	37.0	35.0	39.0	30.0	39.0
31	35.57352961421338	38.0	35.0	39.0	30.0	39.0
32	35.48612881477901	37.0	35.0	39.0	30.0	39.0
33	35.400157863391	37.0	35.0	39.0	30.0	39.0
34	35.28385757979987	37.0	35.0	39.0	29.0	39.0
35	35.106445790900835	37.0	35.0	39.0	29.0	39.0
36	35.16230783879634	37.0	35.0	39.0	29.0	39.0
37	34.98194241094842	37.0	35.0	39.0	29.0	39.0
38	34.998149152522714	37.0	35.0	39.0	29.0	39.0
39	34.708599482883976	37.0	34.0	39.0	28.0	39.0
40	34.78283058350152	37.0	34.0	39.0	29.0	39.0
41	34.46090742171757	37.0	34.0	39.0	27.0	39.0
42	34.37115844608426	37.0	34.0	39.0	27.0	39.0
43	34.08476227864605	37.0	33.0	39.0	27.0	39.0
44	33.82747085168308	37.0	33.0	39.0	26.0	39.0
45	33.884178876922554	37.0	33.0	39.0	26.0	39.0
46	33.60430345531774	36.0	33.0	39.0	26.0	39.0
47	33.33519761941192	36.0	33.0	39.0	25.0	39.0
48	33.08555772657232	36.0	33.0	38.0	24.0	39.0
49	32.70642148444891	36.0	32.0	37.0	23.0	39.0
50	32.63077210463394	36.0	32.0	38.0	23.0	39.0
>>END_MODULE
>>Per sequence quality scores	pass
#Quality	Count
4	17481.0
5	949.0
6	1682.0
7	1940.0
8	3876.0
9	7018.0
10	6585.0
11	10082.0
12	14484.0
13	16320.0
14	22638.0
15	35772.0
16	38170.0
17	40306.0
18	43420.0
19	53629.0
20	56370.0
21	61785.0
22	73008.0
23	89573.0
24	106965.0
25	134388.0
26	175486.0
27	222473.0
28	279407.0
29	354214.0
30	449631.0
31	570346.0
32	731859.0
33	966556.0
34	1315847.0
35	1820834.0
36	2502263.0
37	3815234.0
38	7288402.0
39	25022.0
>>END_MODULE
>>Per base sequence content	fail
#Base	G	A	T	C
1	29.099071835807933	20.586710253302833	23.37693495545005	26.937282955439183
2	24.56334820972028	20.281156171050636	32.616492828261045	22.539002790968034
3	32.401355483227526	19.358934459608665	25.865319519974783	22.37439053718903
4	28.577769295777212	20.166702274180107	31.291488734655342	19.96403969538734
5	22.664224971275893	40.20862587199644	21.213055249797286	15.914093906930383
6	39.226417139821244	24.018677518021786	20.238203447923027	16.516701894233943
7	40.22436998381803	19.93452285202572	23.29543647880738	16.545670685348867
8	19.588793957482935	23.544190635812516	30.8313635632456	26.035651843458947
9	26.636840893855325	33.91381433421303	23.066252412017132	16.383092359914517
10	33.85760476425628	18.90438402333238	20.106420268038587	27.131590944372757
11	26.40521700485834	16.890163278427966	23.559466451625138	33.14515326508855
12	21.237846840512194	31.642808155749634	26.117772231592046	21.00157277214613
13	20.765940269312352	18.254759116728167	41.274711102338365	19.70458951162112
14	19.31022807654673	30.653069223750194	21.83070022194889	28.206002477754183
15	31.20862282807238	35.26978416002798	18.33166737028142	15.189925641618215
16	21.4588169953051	31.1472854168174	25.923321679787147	21.470575908090353
17	27.345775489995678	22.916880034035753	29.79760012344283	19.939744352525743
18	30.923009092201166	29.956043395117966	23.857527495414796	15.263420017266075
19	37.11285207957379	23.15969619764714	26.236063803458038	13.491387919321026
20	24.11265984406211	33.015889517732376	27.215757786065055	15.65569285214045
21	25.40730630750236	31.39426004898845	26.717200488994692	16.481233154514502
22	31.730857171356302	24.99921443344495	16.10450774713795	27.165420648060802
23	35.814061196454155	22.598921092824934	15.382048762258528	26.204968948462387
24	30.072789590154358	27.936329538028325	16.88976522682034	25.10111564499697
25	18.73770898529897	31.576939117863272	23.446453673768314	26.23889822306944
26	17.229788171830617	30.330360495356235	22.677801064587133	29.76205026822602
27	24.89147825362116	27.799718226291404	18.33774585247786	28.97105766760958
28	23.080085876122126	35.15118351279607	17.5875496949871	24.181180916094704
29	26.250952162904827	29.847545290548183	20.83600769391647	23.065494852630515
30	18.345847373433052	26.26752861230078	15.97977710514861	39.40684690911756
31	24.896887072524766	33.48372191365418	21.865667884938734	19.75372312888232
32	28.735031849758602	30.188843237297654	19.86849026187496	21.207634651068783
33	15.385187426416035	27.973780283953264	38.22208169174057	18.41895059789013
34	22.517224993782197	31.024203007595908	27.002778261814097	19.4557937368078
35	21.68417282600999	32.50196871706707	20.297290326012803	25.516568130910134
36	21.460283166107583	42.967976724513214	18.331300299785035	17.24043980959417
37	30.18665107674164	27.724002693270695	24.780459944622923	17.30888628536475
38	24.79999269418197	29.571778374263474	13.893333651792068	31.734895279762487
39	28.52587004588674	37.24180248490524	18.073740573756382	16.15858689545163
40	41.05878048828462	31.008571239371186	12.150355373319712	15.782292899024487
41	32.80690433872968	38.287843467488365	10.953837563080466	17.951414630701485
42	25.810131070820052	44.272348275391835	10.915899782859865	19.00162087092825
43	29.528791079520893	39.31578190700482	13.3459570357043	17.809469977769986
44	29.17678478731049	30.85791594695424	22.40586606312677	17.559433202608503
45	40.777333911210604	25.81758512392166	15.087279839411933	18.317801125455798
46	29.50433911374512	26.118643262168728	16.584824914658906	27.792192709427244
47	33.20032321790539	25.825194934067436	15.752068170786618	25.222413677240556
48	41.522893938212555	25.675134160952872	17.348756194092772	15.4532157067418
49	28.29504896385996	34.127685121509934	19.617210159307277	17.96005575532283
50	35.66873489599028	26.033123045010502	19.44070939352623	18.85743266547298
>>END_MODULE
>>Per sequence GC content	fail
#GC Content	Count
0	1.0
1	1.0
2	1.0
3	2.0
4	3.0
5	18.0
6	33.0
7	109.0
8	185.0
9	625.5
10	1066.0
11	1185.0
12	1304.0
13	1519.5
14	1735.0
15	1738.5
16	1742.0
17	2037.0
18	2332.0
19	3353.5
20	4375.0
21	7026.0
22	9677.0
23	11643.0
24	13609.0
25	20506.5
26	27404.0
27	34202.5
28	41001.0
29	56230.0
30	71459.0
31	149583.0
32	227707.0
33	450021.5
34	672336.0
35	555114.0
36	437892.0
37	409869.0
38	381846.0
39	452036.0
40	522226.0
41	643412.0
42	764598.0
43	1014398.5
44	1264199.0
45	1465214.5
46	1666230.0
47	1976927.5
48	2287625.0
49	2813848.0
50	3340071.0
51	2921787.0
52	2503503.0
53	3233731.0
54	3963959.0
55	2671821.0
56	1379683.0
57	1081637.5
58	783592.0
59	614730.5
60	445869.0
61	334730.0
62	223591.0
63	176171.0
64	128751.0
65	100038.5
66	71326.0
67	58506.5
68	45687.0
69	35554.5
70	25422.0
71	19893.0
72	14364.0
73	11443.0
74	8522.0
75	7387.0
76	6252.0
77	5577.5
78	4903.0
79	4340.0
80	3777.0
81	3136.0
82	2495.0
83	1874.0
84	1253.0
85	771.5
86	290.0
87	185.0
88	80.0
89	50.5
90	21.0
91	17.0
92	13.0
93	8.0
94	3.0
95	2.0
96	1.0
97	0.5
98	0.0
99	0.5
100	1.0
>>END_MODULE
>>Per base N content	pass
#Base	N-Count
1	0.0031890958210903197
2	0.03586210836697455
3	0.01039617139914906
4	0.17930585887478304
5	0.0
6	0.0
7	0.0
8	0.0
9	0.0
10	0.0
11	0.0
12	0.0
13	0.0
14	0.0
15	0.0
16	0.0
17	0.0
18	0.0
19	0.0
20	0.0
21	0.0
22	0.0
23	0.0
24	0.0
25	4.682960089706783E-6
26	4.214664080736105E-5
27	0.0
28	0.0
29	4.682960089706783E-6
30	0.0
31	0.0
32	3.2780720627947487E-5
33	3.7463680717654266E-5
34	7.492736143530853E-5
35	3.2780720627947487E-5
36	2.2009912421621882E-4
37	2.481968847544595E-4
38	0.005479063304956937
39	0.02205674202251895
40	0.0045752520076435274
41	6.462484923795361E-4
42	2.950264856515274E-4
43	2.341480044853392E-5
44	0.0
45	0.0
46	0.0
47	0.0
48	0.0
49	0.0
50	0.0
>>END_MODULE
>>Sequence Length Distribution	pass
#Length	Count
50	2.1354015E7
>>END_MODULE
>>Sequence Duplication Levels	pass
#Total Deduplicated Percentage	76.0760402453135
#Duplication Level	Percentage of deduplicated	Percentage of total
1	83.28572897777407	63.36048469573412
2	11.509184514156878	17.51146368579475
3	2.7965748469608953	6.382570218192854
4	0.9652604751857684	2.9373277902977177
5	0.46694396776001723	1.776162404180872
6	0.2659969250655188	1.2141595665848428
7	0.1975818318495546	1.0521870374070639
8	0.10504019180511892	0.6392833487313341
9	0.10992425719563018	0.7526341992915858
>10	0.28672011030279415	3.513558577846182
>50	0.008940090628253794	0.4720575609561008
>100	0.001971761844474576	0.27749065166462583
>500	7.744037498012031E-5	0.03831494009990269
>1k	5.4609095899782234E-5	0.07230532321801478
>5k	0.0	0.0
>10k+	0.0	0.0
>>END_MODULE
>>Overrepresented sequences	pass
>>END_MODULE
>>Adapter Content	fail
#Position	Illumina Universal Adapter	Illumina Small RNA Adapter	Nextera Transposase Sequence
1	9.365920179413566E-6	0.0	0.0
2	1.404888026912035E-5	0.0	0.0
3	2.80977605382407E-5	0.0	4.682960089706783E-6
4	7.492736143530853E-5	0.0	4.682960089706783E-6
5	1.4985472287061706E-4	0.0	1.404888026912035E-5
6	1.4985472287061706E-4	0.0	1.404888026912035E-5
7	1.4985472287061706E-4	0.0	1.8731840358827133E-5
8	1.4985472287061706E-4	0.0	1.8731840358827133E-5
9	1.5922064305003063E-4	0.0	1.8731840358827133E-5
10	2.3414800448533918E-4	0.0	1.8731840358827133E-5
11	2.4819688475445954E-4	0.0	1.8731840358827133E-5
12	2.575628049338731E-4	0.0	1.8731840358827133E-5
13	2.997094457412341E-4	0.0	1.8731840358827133E-5
14	3.5590496681771555E-4	0.0	1.8731840358827133E-5
15	7.118099336354311E-4	0.0	1.8731840358827133E-5
16	0.04781302251590626	0.0	1.8731840358827133E-5
17	0.47382658483662204	0.0	1.8731840358827133E-5
18	9.138192513211216	0.0	1.8731840358827133E-5
19	9.149253664943103	0.0	2.341480044853392E-5
20	9.150981677216205	0.0	4.214664080736105E-5
21	9.160595794280374	0.0	4.682960089706784E-5
22	9.185523190837882	0.0	5.61955210764814E-5
23	9.21156513189674	0.0	6.087848116618819E-5
24	9.238328248809417	0.0	7.492736143530853E-5
25	9.269980376055743	0.0	8.897624170442889E-5
26	9.310511395632156	0.0	9.834216188384246E-5
27	9.422298335933547	0.0	9.834216188384246E-5
28	9.979116339479953	0.0	9.834216188384246E-5
29	11.569988126354692	0.0	9.834216188384246E-5
30	14.084896915170285	0.0	9.834216188384246E-5
31	17.21322196317648	0.0	9.834216188384246E-5
32	21.253319340648584	0.0	9.834216188384246E-5
33	26.29242791109775	0.0	9.834216188384246E-5
34	33.8024535432798	0.0	1.0770808206325602E-4
35	37.91846170380605	0.0	1.0770808206325602E-4
36	41.58886747995635	0.0	1.0770808206325602E-4
37	45.26371270227168	0.0	1.0770808206325602E-4
38	48.06224965188046	0.0	1.0770808206325602E-4
>>END_MODULE
>>Kmer Content	fail
#Sequence	Count	PValue	Obs/Exp Max	Max Obs/Exp Position
GGTGAAT	107485	0.0	43.79185	1
AATATAG	47370	0.0	43.595043	5
TGAATAT	106740	0.0	43.492233	3
ATATAGT	47550	0.0	43.430016	6
GAATATA	49725	0.0	43.316357	4
GTGAATA	107715	0.0	43.309795	2
TATTGTT	29175	0.0	43.085045	7
CCCGGAT	17940	0.0	42.909893	2
AGTTTAC	48445	0.0	42.718468	10
GAATATT	31595	0.0	42.709724	4
CTAGCTC	20330	0.0	42.594074	7
ATATTGT	29510	0.0	42.588486	6
CCCACAT	9445	0.0	42.549095	2
CCGTTGT	14245	0.0	42.542	2
TCCCTGG	38895	0.0	42.481594	1
GTTTACA	104530	0.0	42.377922	11
AATATGG	24305	0.0	42.333652	5
CTCAGTC	37430	0.0	42.309105	11
TAGTCTA	14715	0.0	42.30068	8
CCGGCTA	19910	0.0	42.237083	3
>>END_MODULE
